# Created by Octave 6.2.0, Fri Jan 28 23:33:10 2022 CET <peter@peter-lenovo>
# name: x_opt
# type: matrix
# rows: 10
# columns: 1
 -0.022588224473859119
 0.0022230222290552967
 -0.0064350809030762684
 0.014523327360728533
 -0.010334869479805744
 0.015604590793731275
 -0.0048996194831196537
 0.015874988319203441
 -0.007234158398152099
 -0.0070302131289262711


# name: obj_opt
# type: scalar
14580873.356688131


